370.67388916015625 86.22489166259766 2.2030746936798096 204.4500732421875 80.56452941894531 80.56452941894531 8 0 140.68609619140625 395.36590576171875 1.8922662734985352 172.88900756835938 44.36597442626953 44.36597442626953 11 0 536.1531372070312 160.8951873779297 2.2729034423828125 153.31082153320312 46.874412536621094 46.874412536621094 5 0 195.25357055664062 167.55125427246094 1.0317009687423706 152.45755004882812 43.94972229003906 43.94972229003906 5 0 365.3322448730469 314.2880859375 2.2617483139038086 218.95285034179688 50.59632873535156 50.59632873535156 6 0
156.3385009765625 340.680908203125 1.609546422958374 65.40766143798828 64.53058624267578 64.53058624267578 0 0 401.1283874511719 71.60558319091797 1.8965080976486206 150.6939239501953 40.364681243896484 40.364681243896484 5 0 470.9768981933594 373.6622619628906 1.2645319700241089 149.1176300048828 98.15243530273438 98.15243530273438 4 0 150.59555053710938 175.6820068359375 0.9756841063499451 153.0118408203125 42.43437194824219 42.43437194824219 5 0 382.5500793457031 229.67236328125 1.9790496826171875 221.36138916015625 41.327796936035156 41.327796936035156 6 0
511.2474060058594 323.6306457519531 1.6754578351974487 78.12268829345703 75.27344512939453 75.27344512939453 1 0 505.21923828125 145.0849609375 1.5923619270324707 68.22791290283203 67.80652618408203 67.80652618408203 0 0 311.3687744140625 343.2193908691406 1.6797633171081543 67.51087188720703 66.4018325805664 66.4018325805664 0 0 131.6149139404297 112.91548156738281 2.3493666648864746 143.85791015625 99.66203308105469 99.66203308105469 4 0 104.68524932861328 408.56768798828125 0.7762549519538879 141.41085815429688 58.059837341308594 58.059837341308594 2 0
527.3324584960938 237.46087646484375 0.05600106716156006 70.66968536376953 70.33193969726562 70.33193969726562 0 0 104.17279052734375 93.58366394042969 1.4415247440338135 185.786865234375 53.73667526245117 53.73667526245117 9 0 375.6532897949219 317.8920593261719 1.3966000080108643 161.62059020996094 70.907470703125 70.907470703125 7 0 327.591552734375 116.72225189208984 2.0154552459716797 226.0628662109375 38.77655792236328 38.77655792236328 6 0 200.75991821289062 267.7944641113281 1.2744678258895874 181.83328247070312 51.08094787597656 51.08094787597656 11 0
530.7767333984375 378.70599365234375 1.6350394487380981 188.04690551757812 54.17716598510742 54.17716598510742 9 0 173.68263244628906 310.45794677734375 1.6813273429870605 187.89471435546875 51.844261169433594 51.844261169433594 9 0 436.0519104003906 125.36985778808594 1.7940349578857422 155.60922241210938 41.21708297729492 41.21708297729492 5 0 364.5876770019531 403.9725036621094 1.867417812347412 158.96536254882812 66.82898712158203 66.82898712158203 7 0 92.8504638671875 115.985107421875 1.2355481386184692 159.22967529296875 47.53412628173828 47.53412628173828 5 0
453.1452941894531 143.03675842285156 1.910760760307312 201.25830078125 50.81289291381836 50.81289291381836 10 0 244.0716094970703 382.76397705078125 1.7450292110443115 148.29554748535156 56.98517990112305 56.98517990112305 2 0 134.6074676513672 74.81214141845703 2.400960922241211 186.68014526367188 99.53848266601562 99.53848266601562 3 0 259.418212890625 173.19720458984375 1.305305004119873 189.03668212890625 49.18801498413086 49.18801498413086 9 0 523.406005859375 408.3584289550781 2.2807869911193848 157.04159545898438 75.37490844726562 75.37490844726562 7 0
114.34467315673828 95.67141723632812 1.7302932739257812 69.9534683227539 66.42636108398438 66.42636108398438 0 0 111.65841674804688 370.95306396484375 1.8094583749771118 158.84036254882812 47.74589920043945 47.74589920043945 5 0 253.3159637451172 240.37435913085938 1.6157653331756592 224.08847045898438 45.33723449707031 45.33723449707031 6 0 466.4217834472656 392.6866455078125 0.7967548966407776 176.76083374023438 49.532081604003906 49.532081604003906 11 0 463.6689147949219 206.43873596191406 1.646636724472046 225.57333374023438 43.3427848815918 43.3427848815918 6 0
429.6966552734375 75.93380737304688 1.6146377325057983 66.1211929321289 65.27874755859375 65.27874755859375 0 0 306.0809326171875 421.63970947265625 1.6270568370819092 67.6778793334961 66.34658813476562 66.34658813476562 0 0 553.5117797851562 272.47747802734375 1.6133239269256592 76.54603576660156 71.35417175292969 71.35417175292969 1 0 252.25807189941406 170.00572204589844 1.257175326347351 84.862060546875 66.52041625976562 66.52041625976562 1 0 137.98849487304688 301.3486328125 1.187104344367981 78.01953125 73.33450317382812 73.33450317382812 1 0
441.45697021484375 425.0699157714844 1.595470666885376 70.45829772949219 68.9869384765625 68.9869384765625 0 0 208.4713897705078 123.97247314453125 1.4184727668762207 196.98065185546875 100.06253051757812 100.06253051757812 3 0 549.2886352539062 289.43060302734375 1.0986688137054443 161.5694580078125 53.976837158203125 53.976837158203125 5 0 203.76573181152344 317.08062744140625 1.3658708333969116 157.4041748046875 45.34757995605469 45.34757995605469 5 0 367.0156555175781 250.86460876464844 1.0690447092056274 178.7841796875 68.7522964477539 68.7522964477539 11 0
137.2050323486328 378.44677734375 0.06466107815504074 67.2943115234375 66.55363464355469 66.55363464355469 0 0 554.0379028320312 98.62010192871094 1.6248058080673218 67.44005584716797 66.89028930664062 66.89028930664062 0 0 555.7955932617188 331.3200988769531 1.6396986246109009 77.801513671875 75.99676513671875 75.99676513671875 1 0 101.98262023925781 137.1729278564453 1.2320706844329834 161.72637939453125 47.377037048339844 47.377037048339844 5 0 362.5282897949219 148.02325439453125 0.7208991050720215 75.72102355957031 66.06891632080078 66.06891632080078 1 0
546.5307006835938 220.32032775878906 0.8013733625411987 148.68414306640625 60.593162536621094 60.593162536621094 2 0 133.1294708251953 384.916015625 1.6476579904556274 66.60543060302734 65.48948669433594 65.48948669433594 0 0 123.58206939697266 58.09665298461914 1.6380000114440918 67.06651306152344 65.88392639160156 65.88392639160156 0 0 410.45050048828125 336.4540710449219 1.5783828496932983 64.97370147705078 64.84888458251953 64.84888458251953 0 0 274.263427734375 116.08078002929688 1.6133085489273071 65.82477569580078 65.69987487792969 65.69987487792969 0 0
554.8489379882812 92.93147277832031 1.8771262168884277 200.4862060546875 121.50249481201172 121.50249481201172 7 0 433.2613525390625 224.6029815673828 1.130827784538269 190.84500122070312 107.21002960205078 107.21002960205078 3 0 255.33949279785156 389.9883728027344 0.8674715757369995 192.3566436767578 91.05345916748047 91.05345916748047 3 0 181.1622772216797 101.23141479492188 1.2988877296447754 208.2409210205078 38.473594665527344 38.473594665527344 6 0 102.29118347167969 359.7970886230469 2.1239309310913086 222.3545684814453 42.104827880859375 42.104827880859375 6 0
140.99830627441406 57.84373474121094 1.6385706663131714 67.70533752441406 65.32957458496094 65.32957458496094 0 0 361.80413818359375 398.06622314453125 1.904665231704712 180.35494995117188 53.03910446166992 53.03910446166992 9 0 172.4619598388672 290.4515686035156 1.6495863199234009 200.50474548339844 82.4728012084961 82.4728012084961 8 0 380.6864318847656 102.43354797363281 1.2308595180511475 209.8916473388672 39.53132629394531 39.53132629394531 6 0 365.05780029296875 242.93487548828125 1.279854416847229 149.75103759765625 39.51171112060547 39.51171112060547 5 0
104.8758773803711 393.3602600097656 1.8479478359222412 193.77438354492188 99.56423950195312 99.56423950195312 3 0 217.43309020996094 123.12628173828125 0.06453804671764374 67.37596130371094 67.13626861572266 67.13626861572266 0 0 414.7716064453125 421.6347351074219 2.2713921070098877 135.53598022460938 56.197532653808594 56.197532653808594 2 0 484.71014404296875 209.44430541992188 1.7965776920318604 158.1075439453125 47.53849792480469 47.53849792480469 5 0 325.2931213378906 276.4056091308594 1.1703547239303589 159.97088623046875 65.10245513916016 65.10245513916016 7 0
257.8492431640625 231.3915252685547 1.7807456254959106 201.96133422851562 79.52023315429688 79.52023315429688 8 0 90.98236083984375 153.00987243652344 1.337676763534546 150.8159637451172 61.978797912597656 61.978797912597656 2 0 443.3631286621094 280.9386901855469 2.151874542236328 153.71090698242188 47.832130432128906 47.832130432128906 5 0 404.5386962890625 73.66222381591797 1.3145811557769775 159.4170379638672 66.43067932128906 66.43067932128906 7 0 148.49693298339844 402.2362365722656 1.6106244325637817 156.54608154296875 46.9346923828125 46.9346923828125 5 0
541.5963134765625 85.31109619140625 0.9805963039398193 200.94090270996094 85.90130615234375 85.90130615234375 8 0 92.43456268310547 120.03335571289062 2.0853023529052734 154.93701171875 49.90013885498047 49.90013885498047 5 0 526.7152709960938 392.3165283203125 1.0313498973846436 158.23092651367188 41.882850646972656 41.882850646972656 5 0 459.7568359375 242.01544189453125 1.3333899974822998 156.72579956054688 47.61072540283203 47.61072540283203 5 0 282.8302917480469 401.5299072265625 1.2486077547073364 161.4530029296875 42.867652893066406 42.867652893066406 5 0
118.66326141357422 240.93394470214844 1.6185388565063477 67.98304748535156 67.08980560302734 67.08980560302734 0 0 510.7946472167969 290.69439697265625 0.034890104085206985 66.60671997070312 65.67758178710938 65.67758178710938 0 0 509.9202880859375 78.8991470336914 2.3216376304626465 197.32254028320312 103.73799896240234 103.73799896240234 3 0 378.73651123046875 379.8078918457031 0.04141794890165329 69.6776351928711 69.11933898925781 69.11933898925781 0 0 353.4710998535156 148.49618530273438 2.238865375518799 162.2559051513672 73.6417236328125 73.6417236328125 7 0
88.19294738769531 258.0915832519531 0.036691389977931976 66.88267517089844 66.71612548828125 66.71612548828125 0 0 515.5226440429688 276.5753479003906 1.780957818031311 66.06100463867188 65.58572387695312 65.58572387695312 0 0 126.4446029663086 78.54381561279297 0.03232922777533531 66.58615112304688 66.55438232421875 66.55438232421875 0 0 274.4080505371094 420.90966796875 1.6144520044326782 66.80460357666016 65.3208999633789 65.3208999633789 0 0 391.82269287109375 154.89833068847656 0.05263621360063553 68.3206787109375 68.30555725097656 68.30555725097656 0 0
100.7955322265625 317.82537841796875 1.4054423570632935 150.30123901367188 99.53126525878906 99.53126525878906 4 0 244.55108642578125 98.57579040527344 1.0866718292236328 211.25453186035156 42.16471862792969 42.16471862792969 6 0 511.8646545410156 245.63491821289062 0.8041861057281494 148.104248046875 100.04446411132812 100.04446411132812 4 0 512.168701171875 86.71440124511719 1.118074655532837 149.3508758544922 105.50370788574219 105.50370788574219 4 0 361.9819030761719 340.9956359863281 0.9662262797355652 146.13734436035156 97.28297424316406 97.28297424316406 4 0
224.04811096191406 88.12049865722656 1.765055775642395 189.96145629882812 107.66659545898438 107.66659545898438 3 0 262.2183532714844 247.91595458984375 2.0088136196136475 193.159423828125 104.83023834228516 104.83023834228516 3 0 499.7911071777344 295.3345031738281 1.3869613409042358 150.94277954101562 99.79104614257812 99.79104614257812 4 0 106.2882080078125 386.98876953125 1.1614506244659424 192.40362548828125 111.1317138671875 111.1317138671875 3 0 370.63568115234375 403.45416259765625 1.815813660621643 149.05868530273438 98.35200500488281 98.35200500488281 4 0
