111.6651611328125 296.3481140136719 3.1317694187164307 195.1067657470703 86.75326538085938 86.75326538085938 8 0 100.52906036376953 42.83235549926758 0.02827921323478222 152.88787841796875 43.73536682128906 43.73536682128906 5 0 101.64342498779297 100.53106689453125 0.01292133517563343 151.86180114746094 43.62453842163086 43.62453842163086 5 0 133.9520263671875 160.205810546875 0.0032166410237550735 208.44056701660156 50.205360412597656 50.205360412597656 6 0 112.47067260742188 220.44137573242188 0.004563742782920599 157.18902587890625 47.425174713134766 47.425174713134766 11 0
58.8255729675293 227.0899200439453 1.6069415807724 59.46903991699219 57.360774993896484 57.360774993896484 0 0 88.59058380126953 319.1325378417969 0.015502906404435635 138.29246520996094 87.64338684082031 87.64338684082031 4 0 102.494140625 156.82421875 0.0307250265032053 142.380615234375 35.383018493652344 35.383018493652344 5 0 100.45790100097656 98.23484802246094 0.022191882133483887 148.98439025878906 40.878684997558594 40.878684997558594 5 0 132.79319763183594 40.2449951171875 3.133206605911255 193.98681640625 42.32337951660156 42.32337951660156 6 0
194.22073364257812 43.81676483154297 0.02364702895283699 140.77932739257812 47.075767517089844 47.075767517089844 2 0 312.9049377441406 56.69743347167969 1.632910132408142 57.885772705078125 57.51946258544922 57.51946258544922 0 0 393.0454406738281 56.820377349853516 0.0813533216714859 58.0831298828125 57.58464813232422 57.58464813232422 0 0 68.92552947998047 89.0135498046875 1.5980961322784424 136.1155242919922 89.20762634277344 89.20762634277344 4 0 164.7630157470703 122.70182037353516 0.03834998980164528 82.95146179199219 61.527198791503906 61.527198791503906 1 0
59.63549041748047 330.3076477050781 1.614874243736267 60.97386932373047 59.79245376586914 59.79245376586914 0 0 97.79751586914062 58.034175872802734 0.015768900513648987 155.0445556640625 72.41285705566406 72.41285705566406 7 0 115.00605010986328 203.73533630371094 0.016097061336040497 164.1614990234375 41.9053840637207 41.9053840637207 9 0 107.56936645507812 137.97903442382812 0.0024958085268735886 156.525390625 48.861000061035156 48.861000061035156 11 0 130.58450317382812 263.8285827636719 3.133748769760132 186.94329833984375 40.8149528503418 40.8149528503418 6 0
163.66041564941406 107.71022033691406 1.5853304862976074 171.43426513671875 48.5726318359375 48.5726318359375 9 0 228.2146453857422 107.87259674072266 1.5801068544387817 174.9892120361328 44.39630889892578 44.39630889892578 9 0 103.9144287109375 97.81576538085938 1.5830695629119873 145.5462188720703 44.548179626464844 44.548179626464844 5 0 99.92725372314453 256.39886474609375 0.014286132529377937 156.66952514648438 81.77648162841797 81.77648162841797 7 0 45.16426086425781 99.10034942626953 1.5810701847076416 130.24905395507812 46.707977294921875 46.707977294921875 5 0
85.0062026977539 43.22673034667969 0.026050148531794548 142.69094848632812 49.389129638671875 49.389129638671875 2 0 110.7298812866211 133.5340576171875 0.010563907213509083 171.40386962890625 89.60260772705078 89.60260772705078 3 0 116.23915100097656 222.99005126953125 0.021608682349324226 175.34005737304688 37.65769577026367 37.65769577026367 9 0 112.48110961914062 290.2415466308594 0.0068391538225114346 172.82205200195312 42.45983123779297 42.45983123779297 9 0 99.39795684814453 365.987060546875 0.015810376033186913 153.6517791748047 76.49740600585938 76.49740600585938 7 0
234.9081268310547 56.96291732788086 1.6164683103561401 59.218589782714844 57.81404495239258 57.81404495239258 0 0 96.04569244384766 125.68013000488281 1.56488835811615 202.36026000976562 40.03850555419922 40.03850555419922 6 0 43.65167999267578 136.65835571289062 1.5882949829101562 218.60916137695312 37.30356216430664 37.30356216430664 6 0 157.0032958984375 116.27420806884766 1.5897465944290161 166.80825805664062 48.17144775390625 48.17144775390625 11 0 304.4829406738281 99.05420684814453 1.5819807052612305 146.9049072265625 32.3748779296875 32.3748779296875 5 0
59.06338119506836 56.45625686645508 1.6356562376022339 59.974853515625 58.91007995605469 58.91007995605469 0 0 59.76028060913086 137.36953735351562 1.6071690320968628 60.280845642089844 57.8763542175293 57.8763542175293 0 0 141.55714416503906 135.27276611328125 0.024900130927562714 80.08967590332031 60.0617790222168 60.0617790222168 1 0 140.99073791503906 54.160064697265625 0.00803401879966259 80.5093994140625 64.60681915283203 64.60681915283203 1 0 0 0 0 0 0 0 0 0
59.46068572998047 281.2827453613281 1.616198182106018 60.38903045654297 59.3328857421875 59.3328857421875 0 0 116.6009521484375 66.20894622802734 0.01741916500031948 172.75643920898438 96.08259582519531 96.08259582519531 3 0 114.77352142333984 360.38714599609375 0.019149668514728546 174.10787963867188 46.142372131347656 46.142372131347656 11 0 99.91596221923828 210.6527862548828 0.011453548446297646 145.4421844482422 36.700538635253906 36.700538635253906 5 0 99.49725341796875 152.54151916503906 0.008008177392184734 160.88821411132812 35.7291145324707 35.7291145324707 5 0
59.43644714355469 56.44087219238281 1.6549928188323975 62.336181640625 59.733673095703125 59.733673095703125 0 0 59.74246597290039 136.91128540039062 1.675426959991455 61.23078918457031 58.20140838623047 58.20140838623047 0 0 140.74449157714844 135.4176025390625 0.028292415663599968 82.44047546386719 60.89170455932617 60.89170455932617 1 0 140.70201110839844 54.66251754760742 0.027220388874411583 84.74701690673828 66.23991394042969 66.23991394042969 1 0 101.87337493896484 205.12503051757812 0.037933070212602615 147.6220703125 33.767356872558594 33.767356872558594 5 0
58.351531982421875 56.2923469543457 0.053931914269924164 59.405906677246094 58.954917907714844 58.954917907714844 0 0 139.2982940673828 56.38801574707031 1.5993062257766724 58.27882385253906 58.18186950683594 58.18186950683594 0 0 58.63009262084961 136.9585723876953 1.6433982849121094 58.89167022705078 57.24225616455078 57.24225616455078 0 0 139.02638244628906 136.548095703125 1.627812385559082 57.63780975341797 56.57973098754883 56.57973098754883 0 0 207.25234985351562 82.1888427734375 1.5918445587158203 138.60525512695312 50.514183044433594 50.514183044433594 2 0
432.10955810546875 45.125701904296875 0.019478484988212585 175.00497436523438 50.920326232910156 50.920326232910156 10 0 114.84720611572266 180.52455139160156 0.028794629499316216 174.8509521484375 90.20712280273438 90.20712280273438 3 0 112.975341796875 65.85350036621094 0.02748769335448742 173.13388061523438 91.0421142578125 91.0421142578125 3 0 301.218505859375 139.51930236816406 1.5804373025894165 214.23895263671875 34.22706985473633 34.22706985473633 6 0 244.47125244140625 141.7413787841797 1.5813463926315308 230.52627563476562 31.508773803710938 31.508773803710938 6 0
59.188106536865234 268.0835266113281 1.7364490032196045 60.253082275390625 58.31538772583008 58.31538772583008 0 0 111.7438735961914 195.788818359375 0.032746147364377975 169.4205322265625 41.39497375488281 41.39497375488281 9 0 115.54971313476562 113.56220245361328 3.1339595317840576 184.62933349609375 80.12291717529297 80.12291717529297 8 0 45.73672866821289 392.34613037109375 1.5670019388198853 148.19606018066406 50.002532958984375 50.002532958984375 6 0 102.23157501220703 42.747737884521484 0.034541718661785126 156.10610961914062 40.61968994140625 40.61968994140625 5 0
80.4179458618164 157.72398376464844 0.024689001962542534 141.43341064453125 46.949134826660156 46.949134826660156 2 0 59.90203857421875 232.84408569335938 1.6261622905731201 63.68059539794922 61.5506591796875 61.5506591796875 0 0 290.0652770996094 68.58650970458984 0.02342120185494423 173.81561279296875 98.81843566894531 98.81843566894531 3 0 97.53733825683594 58.79423904418945 0.01673896610736847 155.28721618652344 72.61444854736328 72.61444854736328 7 0 273.244384765625 154.0595703125 0.015404504723846912 150.09097290039062 40.600677490234375 40.600677490234375 5 0
43.381778717041016 84.0504379272461 1.593112826347351 142.51731872558594 64.30369567871094 64.30369567871094 2 0 243.83358764648438 115.99302673339844 1.598648190498352 204.38330078125 80.27921295166016 80.27921295166016 8 0 114.25312805175781 97.68757629394531 1.526700735092163 138.6374053955078 47.968841552734375 47.968841552734375 5 0 336.8020935058594 96.24175262451172 1.5748059749603271 160.7042236328125 75.99768829345703 75.99768829345703 7 0 170.61434936523438 99.10274505615234 1.5863243341445923 138.59963989257812 45.731689453125 45.731689453125 5 0
228.9175262451172 115.63836669921875 1.6013617515563965 202.72689819335938 76.26547241210938 76.26547241210938 8 0 104.99180603027344 101.06065368652344 0.009229913353919983 144.86907958984375 39.950069427490234 39.950069427490234 5 0 102.30252075195312 44.21781539916992 0.024416079744696617 149.89068603515625 43.59917449951172 43.59917449951172 5 0 101.32569122314453 216.94944763183594 0.016406403854489326 156.28172302246094 37.896827697753906 37.896827697753906 5 0 103.20109558105469 161.13385009765625 0.0042936294339597225 150.28773498535156 39.97227096557617 39.97227096557617 5 0
139.30792236328125 145.1934814453125 1.6182265281677246 59.61149597167969 57.726806640625 57.726806640625 0 0 59.52855682373047 145.63311767578125 1.6226508617401123 60.80006408691406 59.03240966796875 59.03240966796875 0 0 113.76496887207031 241.0441436767578 0.021016398444771767 180.73390197753906 102.08195495605469 102.08195495605469 3 0 219.1237030029297 145.29498291015625 1.6280553340911865 59.665855407714844 59.110687255859375 59.110687255859375 0 0 98.80958557128906 57.33009338378906 0.0179236251860857 154.521728515625 72.23133087158203 72.23133087158203 7 0
58.813621520996094 56.34113311767578 1.6462335586547852 66.39987182617188 65.04296875 65.04296875 0 0 139.21157836914062 56.92365646362305 1.6198142766952515 65.99053192138672 63.69847869873047 63.69847869873047 0 0 139.45945739746094 137.16549682617188 1.6631660461425781 65.27806091308594 63.645755767822266 63.645755767822266 0 0 59.19865798950195 137.38262939453125 1.6165889501571655 66.0558090209961 63.595550537109375 63.595550537109375 0 0 219.360107421875 56.83944320678711 1.6440114974975586 66.46633911132812 63.96834945678711 63.96834945678711 0 0
68.40410614013672 89.35359191894531 1.584805965423584 137.787353515625 90.22431182861328 90.22431182861328 4 0 172.90121459960938 87.89241027832031 1.583899736404419 137.70472717285156 84.25115203857422 84.25115203857422 4 0 173.57623291015625 238.19757080078125 1.5773298740386963 133.943359375 90.25537109375 90.25537109375 4 0 68.88175964355469 237.20388793945312 1.5580766201019287 129.75318908691406 97.29216003417969 97.29216003417969 4 0 256.4695739746094 135.75033569335938 1.5850517749786377 221.6104736328125 35.92863082885742 35.92863082885742 6 0
181.27989196777344 112.05824279785156 1.589388132095337 176.87539672851562 95.31439208984375 95.31439208984375 3 0 69.2249755859375 110.83411407470703 1.5871174335479736 177.22113037109375 99.67988586425781 99.67988586425781 3 0 294.5756530761719 111.27819061279297 1.5837202072143555 177.84461975097656 98.31675720214844 98.31675720214844 3 0 173.71768188476562 286.816162109375 1.587181806564331 135.13900756835938 89.31074523925781 89.31074523925781 4 0 68.27867126464844 287.21087646484375 1.610005497932434 138.37786865234375 86.05936431884766 86.05936431884766 4 0
